average:
  density: 0.05918479365009066
  spring_constant: 1.5511199871861319 0.0775559993593066
  vol_atom: 16.89720363236139
input:
  concentration: 1.0 0.0
  element: Al Mg
  lattice: input_structure.data
  pressure: 0.0
  temperature: 300
results:
  com_correction: -0.004288827601927008
  einstein_crystal: -0.03966395744768348
  error: 0.0
  free_energy: -3.4240249811130092
  pv: 0.0
  reference_system: -0.04395278504961049
  unit: eV/atom
  work: -3.3800721960633986
